0.000000 
0.207912 
0.406737 
0.587785 
0.743145 
0.866025 
0.951057 
0.994522 
0.994522 
0.951056 
0.866025 
0.743145 
0.587785 
0.406737 
0.207912 
-0.000000 
-0.207912 
-0.406737 
-0.587785 
-0.743145 
-0.866025 
-0.951056 
-0.994522 
-0.994522 
-0.951056 
-0.866025 
-0.743145 
-0.587785 
-0.406736 
-0.207912 
0.000000 
0.207912 
0.406737 
0.587785 
0.743145 
0.866025 
0.951057 
0.994522 
0.994522 
0.951056 
0.866025 
0.743145 
0.587785 
0.406737 
0.207911 
-0.000000 
-0.207911 
-0.406736 
-0.587785 
-0.743145 
-0.866025 
-0.951056 
-0.994522 
-0.994522 
-0.951057 
-0.866026 
-0.743145 
-0.587785 
-0.406737 
-0.207912 
0.000000 
0.207912 
0.406737 
0.587785 
0.743145 
0.866025 
0.951056 
0.994522 
0.994522 
0.951056 
0.866025 
0.743145 
0.587785 
0.406736 
0.207912 
0.000000 
-0.207912 
-0.406737 
-0.587786 
-0.743145 
-0.866026 
-0.951056 
-0.994522 
-0.994522 
-0.951057 
-0.866025 
-0.743145 
-0.587785 
-0.406736 
-0.207912 
0.000000 
0.207912 
0.406736 
0.587785 
0.743144 
0.866025 
0.951057 
0.994522 
0.994522 
0.951056 
0.866026 
0.743145 
0.587786 
0.406737 
0.207911 
0.000001 
-0.207912 
-0.406737 
-0.587785 
-0.743145 
-0.866025 
-0.951056 
-0.994522 
-0.994522 
-0.951056 
-0.866025 
-0.743145 
-0.587785 
-0.406737 
-0.207912 
0.000001 
0.207911 
0.406737 
0.587784 
0.743145 
0.866026 
0.951056 
0.994522 
0.994522 
0.951057 
0.866025 
0.743145 
0.587785 
0.406736 
0.207912 
-0.000000 
-0.207912 
-0.406736 
-0.587786 
-0.743144 
-0.866025 
-0.951057 
-0.994522 
-0.994522 
-0.951056 
-0.866026 
-0.743145 
-0.587786 
-0.406737 
-0.207911 
-0.000001 
0.207912 
0.406737 
0.587787 
0.743145 
0.866025 
0.951057 
0.994522 
0.994522 
0.951057 
0.866025 
0.743145 
0.587786 
0.406736 
0.207912 
0.000001 
-0.207913 
-0.406737 
-0.587785 
-0.743146 
-0.866026 
-0.951056 
-0.994522 
-0.994522 
-0.951057 
-0.866026 
-0.743144 
-0.587785 
-0.406738 
-0.207910 
0.000000 
0.207911 
0.406738 
0.587786 
0.743144 
0.866026 
0.951057 
0.994522 
0.994522 
0.951056 
0.866026 
0.743146 
0.587784 
0.406737 
0.207913 
-0.000001 
-0.207912 
-0.406736 
-0.587787 
-0.743145 
-0.866025 
-0.951057 
-0.994522 
-0.994522 
-0.951057 
-0.866025 
-0.743145 
-0.587786 
-0.406736 
-0.207912 
-0.000001 
0.207913 
0.406737 
0.587785 
0.743146 
0.866026 
0.951056 
0.994522 
0.994522 
0.951057 
0.866026 
0.743144 
0.587785 
0.406738 
0.207910 
-0.000000 
-0.207911 
-0.406738 
-0.587786 
-0.743144 
-0.866026 
-0.951057 
-0.994522 
-0.994522 
-0.951056 
-0.866026 
-0.743146 
-0.587784 
-0.406737 
-0.207913 
0.000001 
0.207912 
0.406736 
0.587787 
0.743145 
0.866025 
0.951056 
0.994522 
0.994522 
0.951057 
0.866025 
0.743145 
0.587786 
0.406736 
0.207912 
0.000001 
-0.207913 
-0.406737 
-0.587785 
-0.743146 
-0.866026 
-0.951056 
-0.994522 
-0.994522 
-0.951057 
-0.866026 
-0.743144 
-0.587785 
-0.406738 
-0.207910 
0.000000 
0.207911 
0.406738 
0.587786 
0.743144 
0.866026 
0.951057 
0.994522 
0.994522 
0.951056 
0.866026 
0.743146 
0.587784 
0.406737 
0.207913 
-0.000001 
-0.207912 
-0.406736 
-0.587787 
-0.743145 
-0.866025 
-0.951056 
-0.994522 
-0.994522 
-0.951057 
-0.866025 
-0.743145 
-0.587786 
-0.406735 
-0.207912 
-0.000001 
0.207913 
0.406737 
0.587785 
0.743146 
0.866026 
0.951057 
0.994522 
0.994522 
0.951055 
0.866026 
0.743144 
0.587782 
0.406738 
0.207910 
0.000004 
-0.207911 
-0.406738 
-0.587783 
-0.743144 
-0.866026 
-0.951056 
-0.994522 
-0.994522 
-0.951057 
-0.866026 
-0.743143 
-0.587787 
-0.406737 
-0.207909 
-0.000002 
0.207912 
0.406739 
0.587784 
0.743145 
0.866027 
0.951056 
0.994522 
0.994522 
0.951057 
0.866025 
0.743142 
0.587786 
0.406735 
0.207915 
0.000001 
-0.207913 
-0.406733 
-0.587785 
-0.743146 
-0.866024 
-0.951056 
-0.994522 
-0.994522 
-0.951057 
-0.866024 
-0.743147 
-0.587785 
-0.406734 
-0.207914 
0.000000 
0.207914 
0.406735 
0.587786 
0.743147 
0.866024 
0.951057 
0.994522 
0.994522 
0.951056 
0.866024 
0.743146 
0.587784 
0.406740 
0.207913 
-0.000001 
-0.207908 
-0.406736 
-0.587787 
-0.743143 
-0.866025 
-0.951057 
-0.994522 
-0.994522 
-0.951056 
-0.866027 
-0.743145 
-0.587783 
-0.406739 
-0.207912 
0.000003 
0.207909 
0.406737 
0.587788 
0.743143 
0.866026 
0.951058 
0.994522 
0.994522 
0.951055 
0.866026 
0.743144 
0.587782 
0.406738 
0.207910 
0.000004 
-0.207911 
-0.406738 
-0.587783 
-0.743144 
-0.866026 
-0.951056 
-0.994522 
-0.994522 
-0.951057 
-0.866026 
-0.743143 
-0.587787 
-0.406737 
-0.207909 
-0.000002 
0.207912 
0.406739 
0.587784 
0.743145 
0.866027 
0.951056 
0.994522 
0.994522 
0.951057 
0.866025 
0.743142 
0.587786 
0.406735 
0.207915 
0.000001 
-0.207913 
-0.406734 
-0.587785 
-0.743146 
-0.866024 
-0.951056 
-0.994522 
-0.994522 
-0.951057 
-0.866024 
-0.743147 
-0.587785 
-0.406734 
-0.207914 
0.000000 
0.207915 
0.406735 
0.587786 
0.743147 
0.866024 
0.951057 
0.994522 
0.994522 
0.951056 
0.866024 
0.743146 
0.587784 
0.406740 
0.207913 
-0.000002 
-0.207908 
-0.406736 
-0.587787 
-0.743143 
-0.866025 
-0.951057 
-0.994522 
-0.994522 
-0.951056 
-0.866027 
-0.743145 
-0.587783 
-0.406739 
-0.207912 
0.000003 
0.207910 
0.406737 
0.587788 
0.743143 
0.866026 
0.951058 
0.994522 
0.994522 
0.951055 
0.866026 
0.743144 
0.587788 
0.406738 
0.207910 
0.000004 
-0.207911 
-0.406738 
-0.587783 
-0.743144 
-0.866026 
-0.951056 
-0.994522 
-0.994522 
-0.951057 
-0.866026 
-0.743143 
-0.587787 
-0.406737 
-0.207909 
-0.000002 
0.207912 
